737,4
737,3
737,2
737,1
737,0
736,3
736,2
736,1
736,0
735,3
735,2
735,1
735,0
734,5
734,4
734,3
734,2
734,1
734,0
733,3
733,2
733,1
733,0
0,434
0,433
0,432
0,431
0,429
0,428
0,427
732,4
732,3
732,2
732,1
732,0
731,3
731,2
731,1
731,0
730,4
730,3
730,2
730,1
730,0
729,3
729,2
729,1
729,0
728,4
728,3
728,2
728,1
728,0
727,3
727,2
727,1
727,0
0,424
0,422
0,421
726,4
726,3
726,2
726,1
726,0
725,3
725,2
725,1
725,0
0,420
724,4
724,3
724,2
724,1
724,0
723,3
723,2
723,1
723,0
0,418
0,416
0,415
0,414
0,413
722,4
722,3
722,2
722,1
722,0
721,3
721,2
721,1
721,0
0,412
0,411
0,408
0,407
720,4
720,3
720,2
720,1
720,0
719,3
719,2
719,1
719,0
718,4
718,3
718,2
718,1
718,0
716,3
716,2
716,1
716,0
715,5
715,4
715,3
715,2
715,1
715,0
714,3
714,2
714,1
714,0
4,3
3,6
3,5
3,4
3,3
3,2
2,3
2,2
1,3
1,2
0,410
0,324
0,243
0,9
0,0
0,1
0,471
0,300
0,483
0,299
0,337
0,298
0,497
0,297
0,388
0,296
0,365
0,295
0,384
0,294
0,335
0,293
0,419
0,292
0,460
0,291
0,496
0,290
0,385
0,289
0,409
0,288
0,386
0,287
0,478
0,286
0,317
0,285
0,396
0,284
0,459
0,283
0,282
0,503
0,281
0,495
0,280
0,477
0,279
0,406
0,278
0,475
0,277
0,276
0,275
0,274
0,430
0,273
0,474
0,272
0,377
0,271
0,426
0,270
0,511
0,269
0,482
0,268
0,351
0,267
0,349
0,266
0,265
0,264
0,489
0,263
0,507
0,262
0,347
0,261
0,470
0,260
0,473
0,259
0,378
0,258
0,456
0,257
0,256
0,481
0,255
0,466
0,254
0,488
0,253
0,469
0,252
0,251
0,502
0,250
0,494
0,249
0,425
0,248
0,476
0,247
0,399
0,246
0,423
0,245
0,395
0,244
0,242
0,241
0,468
0,240
0,239
0,402
0,238
0,338
0,237
0,236
0,450
0,235
0,352
0,234
0,333
0,233
0,232
0,465
0,231
0,501
0,230
0,229
0,361
0,228
0,394
0,227
0,392
0,226
0,506
0,225
0,510
0,224
0,472
0,223
0,458
0,222
0,480
0,221
0,391
0,220
0,219
0,393
0,218
0,500
0,217
0,505
0,216
0,403
0,215
0,405
0,214
0,213
0,417
0,212
0,487
0,211
0,486
0,210
0,404
0,209
0,485
0,208
0,401
0,207
0,493
0,206
0,205
0,204
0,203
0,504
0,202
0,492
0,201
0,449
0,200
0,491
0,199
0,198
0,400
0,197
0,398
0,196
0,390
0,195
0,194
0,484
0,193
0,371
0,192
0,389
0,63
0,499
0,62
0,498
0,61
0,60
0,327
0,59
0,58
0,397
0,57
0,455
0,56
0,457
0,55
0,462
0,54
0,509
0,53
0,490
0,52
0,461
0,51
0,50
0,454
0,49
0,48
0,508
0,47
0,479
0,46
0,387
0,45
0,467
0,6
0,5
0,304
0,303
0,306
0,305
0,302
0,12
0,10
0,8
0,11
0,4
0,2
0,3
0,7
